Results for Text generation:
BLEU: 0.023829985424616514
ROUGE-1: 0.18482877617926674
ROUGE-2: 0.036246022283494495
ROUGE-L: 0.13428972207591736
